magic_tree 0.5 0.0 0.0 0.5 0.5 0.5 0.0 0.0
Cancelbutton 0.8125 0.0 0.5 0.12939453125 0.8125 0.12939453125 0.5 0.0
Intro 0.3125 0.5 0.0 0.75 0.3125 0.75 0.0 0.5
Freeze 0.766357421875 0.12939453125 0.5 0.381591796875 0.766357421875 0.381591796875 0.5 0.12939453125
fire 0.561279296875 0.5 0.3125 0.750244140625 0.561279296875 0.750244140625 0.3125 0.5
farm 0.25 0.75 0.0 1.0 0.25 1.0 0.0 0.75
Farm1 0.811279296875 0.5 0.561279296875 0.75 0.811279296875 0.75 0.561279296875 0.5
Farm2 0.811279296875 0.75 0.561279296875 1.0 0.811279296875 1.0 0.561279296875 0.75
Mancatcher 0.9375 0.0 0.8125 0.25 0.9375 0.25 0.8125 0.0
Button 0.744140625 0.381591796875 0.5 0.479248046875 0.744140625 0.479248046875 0.5 0.381591796875
Golem 0.48828125 0.750244140625 0.3125 0.87646484375 0.48828125 0.87646484375 0.3125 0.750244140625
crab 0.936279296875 0.5 0.811279296875 0.625 0.936279296875 0.625 0.811279296875 0.5
Defender 0.936279296875 0.75 0.811279296875 0.875 0.936279296875 0.875 0.811279296875 0.75
Farm11 0.9375 0.25 0.8125 0.375 0.9375 0.375 0.8125 0.25
Farm21 0.936279296875 0.625 0.811279296875 0.75 0.936279296875 0.75 0.811279296875 0.625
Meteor 0.3125 0.75 0.25 0.875 0.3125 0.875 0.25 0.75
mine 0.936279296875 0.875 0.811279296875 1.0 0.936279296875 1.0 0.811279296875 0.875
Chestplates 0.814208984375 0.381591796875 0.744140625 0.44873046875 0.814208984375 0.44873046875 0.744140625 0.381591796875
Boulder 1.0 0.0 0.9375 0.0625 1.0 0.0625 0.9375 0.0
crater 0.55078125 0.750244140625 0.48828125 0.812744140625 0.55078125 0.812744140625 0.48828125 0.750244140625
faura 0.375 0.87646484375 0.3125 0.93896484375 0.375 0.93896484375 0.3125 0.87646484375
Egg 0.8037109375 0.12939453125 0.766357421875 0.181884765625 0.8037109375 0.181884765625 0.766357421875 0.12939453125
Bowman 0.967529296875 0.5 0.936279296875 0.53125 0.967529296875 0.53125 0.936279296875 0.5
Bullet 0.50146484375 0.479248046875 0.5 0.480712890625 0.50146484375 0.480712890625 0.5 0.479248046875