|0.003662109375|0.970458984375|0.000244140625|0.973876953125|0.003662109375|0.973876953125|0.000244140625|0.970458984375
BasicTower|0.906005859375|0.443115234375|0.781494140625|0.567626953125|0.906005859375|0.567626953125|0.781494140625|0.443115234375
Buff|0.973876953125|0.1923828125|0.911865234375|0.25439453125|0.973876953125|0.25439453125|0.911865234375|0.1923828125
Button|0.686767578125|0.572509765625|0.443115234375|0.669677734375|0.686767578125|0.669677734375|0.443115234375|0.572509765625
Calibri-AMPERSAND|0.4638671875|0.528076171875|0.443115234375|0.56591796875|0.4638671875|0.56591796875|0.443115234375|0.528076171875
Calibri-APOSTROPHE|0.980712890625|0.000244140625|0.974365234375|0.0380859375|0.980712890625|0.0380859375|0.974365234375|0.000244140625
Calibri-ASTERISK|0.996337890625|0.000244140625|0.981201171875|0.0380859375|0.996337890625|0.0380859375|0.981201171875|0.000244140625
Calibri-COLON|0.982177734375|0.03857421875|0.974365234375|0.076416015625|0.982177734375|0.076416015625|0.974365234375|0.03857421875
Calibri-COMMA|0.989990234375|0.03857421875|0.982666015625|0.076416015625|0.989990234375|0.076416015625|0.982666015625|0.03857421875
Calibri-COMMERCIAL AT|0.939208984375|0.4111328125|0.911865234375|0.448974609375|0.939208984375|0.448974609375|0.911865234375|0.4111328125
Calibri-DIGIT EIGHT|0.98974609375|0.076904296875|0.974365234375|0.11474609375|0.98974609375|0.11474609375|0.974365234375|0.076904296875
Calibri-DIGIT FIVE|0.997314453125|0.115234375|0.98193359375|0.153076171875|0.997314453125|0.153076171875|0.98193359375|0.115234375
Calibri-DIGIT FOUR|0.997314453125|0.153564453125|0.98193359375|0.19140625|0.997314453125|0.19140625|0.98193359375|0.153564453125
Calibri-DIGIT NINE|0.98974609375|0.1923828125|0.974365234375|0.230224609375|0.98974609375|0.230224609375|0.974365234375|0.1923828125
Calibri-DIGIT ONE|0.98974609375|0.292236328125|0.974365234375|0.330078125|0.98974609375|0.330078125|0.974365234375|0.292236328125
Calibri-DIGIT SEVEN|0.98974609375|0.33056640625|0.974365234375|0.368408203125|0.98974609375|0.368408203125|0.974365234375|0.33056640625
Calibri-DIGIT SIX|0.95849609375|0.3798828125|0.943115234375|0.417724609375|0.95849609375|0.417724609375|0.943115234375|0.3798828125
Calibri-DIGIT THREE|0.974365234375|0.3798828125|0.958984375|0.417724609375|0.974365234375|0.417724609375|0.958984375|0.3798828125
Calibri-DIGIT TWO|0.63427734375|0.732666015625|0.618896484375|0.7705078125|0.63427734375|0.7705078125|0.618896484375|0.732666015625
Calibri-DIGIT ZERO|0.990234375|0.368896484375|0.974853515625|0.40673828125|0.990234375|0.40673828125|0.974853515625|0.368896484375
Calibri-DOLLAR SIGN|0.921875|0.449462890625|0.906494140625|0.4873046875|0.921875|0.4873046875|0.906494140625|0.449462890625
Calibri-EQUALS SIGN|0.954833984375|0.418212890625|0.939697265625|0.4560546875|0.954833984375|0.4560546875|0.939697265625|0.418212890625
Calibri-EXCLAMATION MARK|0.452880859375|0.92138671875|0.443115234375|0.959228515625|0.452880859375|0.959228515625|0.443115234375|0.92138671875
Calibri-FULL STOP|0.997802734375|0.03857421875|0.990478515625|0.076416015625|0.997802734375|0.076416015625|0.990478515625|0.03857421875
Calibri-GREATER-THAN SIGN|0.64990234375|0.732666015625|0.634765625|0.7705078125|0.64990234375|0.7705078125|0.634765625|0.732666015625
Calibri-HYPHEN-MINUS|0.999267578125|0.076904296875|0.990234375|0.11474609375|0.999267578125|0.11474609375|0.990234375|0.076904296875
Calibri-LATIN CAPITAL LETTER A|0.972900390625|0.418212890625|0.955322265625|0.4560546875|0.972900390625|0.4560546875|0.955322265625|0.418212890625
Calibri-LATIN CAPITAL LETTER B|0.93896484375|0.449462890625|0.92236328125|0.4873046875|0.93896484375|0.4873046875|0.92236328125|0.449462890625
Calibri-LATIN CAPITAL LETTER C|0.469482421875|0.92138671875|0.453369140625|0.959228515625|0.469482421875|0.959228515625|0.453369140625|0.92138671875
Calibri-LATIN CAPITAL LETTER D|0.99365234375|0.4072265625|0.974853515625|0.445068359375|0.99365234375|0.445068359375|0.974853515625|0.4072265625
Calibri-LATIN CAPITAL LETTER E|0.665283203125|0.732666015625|0.650390625|0.7705078125|0.665283203125|0.7705078125|0.650390625|0.732666015625
Calibri-LATIN CAPITAL LETTER F|0.48388671875|0.92138671875|0.469970703125|0.959228515625|0.48388671875|0.959228515625|0.469970703125|0.92138671875
Calibri-LATIN CAPITAL LETTER G|0.92578125|0.48779296875|0.906494140625|0.525634765625|0.92578125|0.525634765625|0.906494140625|0.48779296875
Calibri-LATIN CAPITAL LETTER H|0.95849609375|0.45654296875|0.939453125|0.494384765625|0.95849609375|0.494384765625|0.939453125|0.45654296875
Calibri-LATIN CAPITAL LETTER I|0.99755859375|0.19189453125|0.990234375|0.229736328125|0.99755859375|0.229736328125|0.990234375|0.19189453125
Calibri-LATIN CAPITAL LETTER J|0.999755859375|0.292236328125|0.990234375|0.330078125|0.999755859375|0.330078125|0.990234375|0.292236328125
Calibri-LATIN CAPITAL LETTER K|0.681640625|0.732666015625|0.665771484375|0.7705078125|0.681640625|0.7705078125|0.665771484375|0.732666015625
Calibri-LATIN CAPITAL LETTER L|0.455810546875|0.959716796875|0.443115234375|0.99755859375|0.455810546875|0.99755859375|0.443115234375|0.959716796875
Calibri-LATIN CAPITAL LETTER M|0.510498046875|0.92138671875|0.484375|0.959228515625|0.510498046875|0.959228515625|0.484375|0.92138671875
Calibri-LATIN CAPITAL LETTER N|0.978759765625|0.45654296875|0.958984375|0.494384765625|0.978759765625|0.494384765625|0.958984375|0.45654296875
Calibri-LATIN CAPITAL LETTER O|0.4765625|0.959716796875|0.456298828125|0.99755859375|0.4765625|0.99755859375|0.456298828125|0.959716796875
Calibri-LATIN CAPITAL LETTER P|0.526611328125|0.92138671875|0.510986328125|0.959228515625|0.526611328125|0.959228515625|0.510986328125|0.92138671875
Calibri-LATIN CAPITAL LETTER Q|0.927001953125|0.526123046875|0.906494140625|0.56396484375|0.927001953125|0.56396484375|0.906494140625|0.526123046875
Calibri-LATIN CAPITAL LETTER R|0.944091796875|0.494873046875|0.927490234375|0.53271484375|0.944091796875|0.53271484375|0.927490234375|0.494873046875
Calibri-LATIN CAPITAL LETTER S|0.9931640625|0.445556640625|0.979248046875|0.4833984375|0.9931640625|0.4833984375|0.979248046875|0.445556640625
Calibri-LATIN CAPITAL LETTER T|0.49169921875|0.959716796875|0.47705078125|0.99755859375|0.49169921875|0.99755859375|0.47705078125|0.959716796875
Calibri-LATIN CAPITAL LETTER U|0.964111328125|0.494873046875|0.944580078125|0.53271484375|0.964111328125|0.53271484375|0.944580078125|0.494873046875
Calibri-LATIN CAPITAL LETTER V|0.54443359375|0.92138671875|0.527099609375|0.959228515625|0.54443359375|0.959228515625|0.527099609375|0.92138671875
Calibri-LATIN CAPITAL LETTER W|0.51953125|0.959716796875|0.4921875|0.99755859375|0.51953125|0.99755859375|0.4921875|0.959716796875
Calibri-LATIN CAPITAL LETTER X|0.980224609375|0.494873046875|0.964599609375|0.53271484375|0.980224609375|0.53271484375|0.964599609375|0.494873046875
Calibri-LATIN CAPITAL LETTER Y|0.5595703125|0.92138671875|0.544921875|0.959228515625|0.5595703125|0.959228515625|0.544921875|0.92138671875
Calibri-LATIN CAPITAL LETTER Z|0.994873046875|0.48388671875|0.980712890625|0.521728515625|0.994873046875|0.521728515625|0.980712890625|0.48388671875
Calibri-LATIN SMALL LETTER A|0.95166015625|0.533203125|0.937255859375|0.571044921875|0.95166015625|0.571044921875|0.937255859375|0.533203125
Calibri-LATIN SMALL LETTER B|0.535888671875|0.959716796875|0.52001953125|0.99755859375|0.535888671875|0.99755859375|0.52001953125|0.959716796875
Calibri-LATIN SMALL LETTER C|0.57275390625|0.92138671875|0.56005859375|0.959228515625|0.57275390625|0.959228515625|0.56005859375|0.92138671875
Calibri-LATIN SMALL LETTER D|0.968017578125|0.533203125|0.9521484375|0.571044921875|0.968017578125|0.571044921875|0.9521484375|0.533203125
Calibri-LATIN SMALL LETTER E|0.58837890625|0.92138671875|0.5732421875|0.959228515625|0.58837890625|0.959228515625|0.5732421875|0.92138671875
Calibri-LATIN SMALL LETTER F|0.999267578125|0.33056640625|0.990234375|0.368408203125|0.999267578125|0.368408203125|0.990234375|0.33056640625
Calibri-LATIN SMALL LETTER G|0.550537109375|0.959716796875|0.536376953125|0.99755859375|0.550537109375|0.99755859375|0.536376953125|0.959716796875
Calibri-LATIN SMALL LETTER H|0.984375|0.533203125|0.968505859375|0.571044921875|0.984375|0.571044921875|0.968505859375|0.533203125
Calibri-LATIN SMALL LETTER I|0.997314453125|0.368896484375|0.99072265625|0.40673828125|0.997314453125|0.40673828125|0.99072265625|0.368896484375
Calibri-LATIN SMALL LETTER J|0.689208984375|0.697509765625|0.68212890625|0.7353515625|0.689208984375|0.7353515625|0.68212890625|0.697509765625
Calibri-LATIN SMALL LETTER K|0.950927734375|0.571533203125|0.937255859375|0.609375|0.950927734375|0.609375|0.937255859375|0.571533203125
Calibri-LATIN SMALL LETTER L|0.688720703125|0.73583984375|0.68212890625|0.773681640625|0.688720703125|0.773681640625|0.68212890625|0.73583984375
Calibri-LATIN SMALL LETTER M|0.61328125|0.92138671875|0.5888671875|0.959228515625|0.61328125|0.959228515625|0.5888671875|0.92138671875
Calibri-LATIN SMALL LETTER N|0.56689453125|0.959716796875|0.551025390625|0.99755859375|0.56689453125|0.99755859375|0.551025390625|0.959716796875
Calibri-LATIN SMALL LETTER O|0.967529296875|0.571533203125|0.951416015625|0.609375|0.967529296875|0.609375|0.951416015625|0.571533203125
Calibri-LATIN SMALL LETTER P|0.583251953125|0.959716796875|0.5673828125|0.99755859375|0.583251953125|0.99755859375|0.5673828125|0.959716796875
Calibri-LATIN SMALL LETTER Q|0.629638671875|0.92138671875|0.61376953125|0.959228515625|0.629638671875|0.959228515625|0.61376953125|0.92138671875
Calibri-LATIN SMALL LETTER R|0.995361328125|0.522216796875|0.98486328125|0.56005859375|0.995361328125|0.56005859375|0.98486328125|0.522216796875
Calibri-LATIN SMALL LETTER S|0.979736328125|0.571533203125|0.968017578125|0.609375|0.979736328125|0.609375|0.968017578125|0.571533203125
Calibri-LATIN SMALL LETTER T|0.59375|0.959716796875|0.583740234375|0.99755859375|0.59375|0.99755859375|0.583740234375|0.959716796875
Calibri-LATIN SMALL LETTER U|0.953125|0.60986328125|0.937255859375|0.647705078125|0.953125|0.647705078125|0.937255859375|0.60986328125
Calibri-LATIN SMALL LETTER V|0.99853515625|0.560546875|0.98486328125|0.598388671875|0.99853515625|0.598388671875|0.98486328125|0.560546875
Calibri-LATIN SMALL LETTER W|0.652099609375|0.92138671875|0.630126953125|0.959228515625|0.652099609375|0.959228515625|0.630126953125|0.92138671875
Calibri-LATIN SMALL LETTER X|0.607177734375|0.959716796875|0.59423828125|0.99755859375|0.607177734375|0.99755859375|0.59423828125|0.959716796875
Calibri-LATIN SMALL LETTER Y|0.96728515625|0.60986328125|0.95361328125|0.647705078125|0.96728515625|0.647705078125|0.95361328125|0.60986328125
Calibri-LATIN SMALL LETTER Z|0.61962890625|0.959716796875|0.607666015625|0.99755859375|0.61962890625|0.99755859375|0.607666015625|0.959716796875
Calibri-LEFT CURLY BRACKET|0.661865234375|0.92138671875|0.652587890625|0.959228515625|0.661865234375|0.959228515625|0.652587890625|0.92138671875
Calibri-LEFT PARENTHESIS|0.976806640625|0.60986328125|0.9677734375|0.647705078125|0.976806640625|0.647705078125|0.9677734375|0.60986328125
Calibri-LEFT SQUARE BRACKET|0.629150390625|0.959716796875|0.6201171875|0.99755859375|0.629150390625|0.99755859375|0.6201171875|0.959716796875
Calibri-LESS-THAN SIGN|0.677490234375|0.92138671875|0.662353515625|0.959228515625|0.677490234375|0.959228515625|0.662353515625|0.92138671875
Calibri-LINE FEED (LF)|0.464111328125|0.527587890625|0.46435546875|0.5654296875|0.464111328125|0.5654296875|0.46435546875|0.527587890625
Calibri-LOW LINE|0.952392578125|0.648193359375|0.937255859375|0.68603515625|0.952392578125|0.68603515625|0.937255859375|0.648193359375
Calibri-NUMBER SIGN|0.992431640625|0.60986328125|0.977294921875|0.647705078125|0.992431640625|0.647705078125|0.977294921875|0.60986328125
Calibri-PERCENT SIGN|0.651611328125|0.959716796875|0.629638671875|0.99755859375|0.651611328125|0.99755859375|0.629638671875|0.959716796875
Calibri-PLUS SIGN|0.968017578125|0.648193359375|0.952880859375|0.68603515625|0.968017578125|0.68603515625|0.952880859375|0.648193359375
Calibri-QUESTION MARK|0.69189453125|0.92138671875|0.677978515625|0.959228515625|0.69189453125|0.959228515625|0.677978515625|0.92138671875
Calibri-QUOTATION MARK|0.6640625|0.959716796875|0.652099609375|0.99755859375|0.6640625|0.99755859375|0.652099609375|0.959716796875
Calibri-RIGHT CURLY BRACKET|0.977783203125|0.648193359375|0.968505859375|0.68603515625|0.977783203125|0.68603515625|0.968505859375|0.648193359375
Calibri-RIGHT PARENTHESIS|0.673583984375|0.959716796875|0.66455078125|0.99755859375|0.673583984375|0.99755859375|0.66455078125|0.959716796875
Calibri-RIGHT SQUARE BRACKET|0.9873046875|0.648193359375|0.978271484375|0.68603515625|0.9873046875|0.68603515625|0.978271484375|0.648193359375
Calibri-SOLIDUS|0.685546875|0.959716796875|0.674072265625|0.99755859375|0.685546875|0.99755859375|0.674072265625|0.959716796875
Calibri-SPACE|0.99951171875|0.598876953125|0.992919921875|0.63671875|0.99951171875|0.63671875|0.992919921875|0.598876953125
Calibri-TILDE|0.958251953125|0.6865234375|0.943115234375|0.724365234375|0.958251953125|0.724365234375|0.943115234375|0.6865234375
Calibri-VERTICAL LINE|0.706298828125|0.947509765625|0.6923828125|0.9853515625|0.706298828125|0.9853515625|0.6923828125|0.947509765625
Cancelbutton|0.781005859375|0.443115234375|0.468994140625|0.572021484375|0.781005859375|0.572021484375|0.468994140625|0.443115234375
Chestplates|0.9814453125|0.125244140625|0.911865234375|0.19189453125|0.9814453125|0.19189453125|0.911865234375|0.125244140625
Dart|0.942626953125|0.2548828125|0.911865234375|0.31689453125|0.942626953125|0.31689453125|0.911865234375|0.2548828125
Defender|0.811767578125|0.572509765625|0.687255859375|0.697021484375|0.811767578125|0.697021484375|0.687255859375|0.572509765625
EatingTower|0.692626953125|0.79638671875|0.568115234375|0.9208984375|0.692626953125|0.9208984375|0.568115234375|0.79638671875
Egg|0.9951171875|0.2548828125|0.943115234375|0.291748046875|0.9951171875|0.291748046875|0.943115234375|0.2548828125
EmpoweringTower|0.936767578125|0.568115234375|0.812255859375|0.692626953125|0.936767578125|0.692626953125|0.812255859375|0.568115234375
Flamethrower|0.817626953125|0.822509765625|0.693115234375|0.947021484375|0.817626953125|0.947021484375|0.693115234375|0.822509765625
Freeze|0.942626953125|0.693115234375|0.818115234375|0.817626953125|0.942626953125|0.817626953125|0.818115234375|0.693115234375
Golem|0.618408203125|0.670166015625|0.443115234375|0.7958984375|0.618408203125|0.7958984375|0.443115234375|0.670166015625
Meteor|0.973876953125|0.000244140625|0.911865234375|0.124755859375|0.973876953125|0.124755859375|0.911865234375|0.000244140625
Necromancer|0.911376953125|0.000244140625|0.468994140625|0.442626953125|0.911376953125|0.442626953125|0.468994140625|0.000244140625
Shockwave|0.942626953125|0.818115234375|0.818115234375|0.942626953125|0.942626953125|0.942626953125|0.818115234375|0.818115234375
Transparent|0.443115234375|0.527587890625|0.443115234375|0.527587890625|0.443115234375|0.527587890625|0.443115234375|0.527587890625
Winter|0.680908203125|0.670166015625|0.618896484375|0.732177734375|0.680908203125|0.732177734375|0.618896484375|0.670166015625
Zombie|0.442626953125|0.527587890625|0.000244140625|0.969970703125|0.442626953125|0.969970703125|0.000244140625|0.527587890625
btd_map|0.468505859375|0.000244140625|0.000244140625|0.263427734375|0.468505859375|0.263427734375|0.000244140625|0.000244140625
crab|0.567626953125|0.79638671875|0.443115234375|0.9208984375|0.567626953125|0.9208984375|0.443115234375|0.79638671875
fancy_map|0.468505859375|0.263916015625|0.000244140625|0.527099609375|0.468505859375|0.527099609375|0.000244140625|0.263916015625
faura|0.973876953125|0.3173828125|0.911865234375|0.37939453125|0.973876953125|0.37939453125|0.911865234375|0.3173828125
fire|0.817626953125|0.697509765625|0.693115234375|0.822021484375|0.817626953125|0.822021484375|0.693115234375|0.697509765625
textbox|0.942626953125|0.3798828125|0.911865234375|0.41064453125|0.942626953125|0.41064453125|0.911865234375|0.3798828125