Explosion1-0|0.124755859375|0.410888671875|0.062744140625|0.472900390625|0.124755859375|0.472900390625|0.062744140625|0.410888671875
Explosion1-1|0.562255859375|0.000244140625|0.500244140625|0.062255859375|0.562255859375|0.062255859375|0.500244140625|0.000244140625
Explosion1-2|0.062255859375|0.6162109375|0.000244140625|0.67822265625|0.062255859375|0.67822265625|0.000244140625|0.6162109375
Explosion1-3|0.374755859375|0.33056640625|0.312744140625|0.392578125|0.374755859375|0.392578125|0.312744140625|0.33056640625
Explosion1-4|0.312255859375|0.410888671875|0.250244140625|0.472900390625|0.312255859375|0.472900390625|0.250244140625|0.410888671875
Explosion1-5|0.249755859375|0.473388671875|0.187744140625|0.535400390625|0.249755859375|0.535400390625|0.187744140625|0.473388671875
Explosion1-6|0.187255859375|0.535888671875|0.125244140625|0.597900390625|0.187255859375|0.597900390625|0.125244140625|0.535888671875
Explosion1-7|0.124755859375|0.598388671875|0.062744140625|0.660400390625|0.124755859375|0.660400390625|0.062744140625|0.598388671875
Explosion1-8|0.062255859375|0.6787109375|0.000244140625|0.74072265625|0.062255859375|0.74072265625|0.000244140625|0.6787109375
Explosion1-9|0.562255859375|0.187744140625|0.500244140625|0.249755859375|0.562255859375|0.249755859375|0.500244140625|0.187744140625
Explosion1-10|0.374755859375|0.20556640625|0.312744140625|0.267578125|0.374755859375|0.267578125|0.312744140625|0.20556640625
Explosion1-11|0.187255859375|0.410888671875|0.125244140625|0.472900390625|0.187255859375|0.472900390625|0.125244140625|0.410888671875
Explosion1-12|0.124755859375|0.473388671875|0.062744140625|0.535400390625|0.124755859375|0.535400390625|0.062744140625|0.473388671875
Explosion1-13|0.562255859375|0.062744140625|0.500244140625|0.124755859375|0.562255859375|0.124755859375|0.500244140625|0.062744140625
Explosion1-14|0.624755859375|0.000244140625|0.562744140625|0.062255859375|0.624755859375|0.062255859375|0.562744140625|0.000244140625
Explosion1-15|0.437255859375|0.20556640625|0.375244140625|0.267578125|0.437255859375|0.267578125|0.375244140625|0.20556640625
Explosion1-16|0.374755859375|0.26806640625|0.312744140625|0.330078125|0.374755859375|0.330078125|0.312744140625|0.26806640625
Explosion1-17|0.249755859375|0.410888671875|0.187744140625|0.472900390625|0.249755859375|0.472900390625|0.187744140625|0.410888671875
Explosion1-18|0.187255859375|0.473388671875|0.125244140625|0.535400390625|0.187255859375|0.535400390625|0.125244140625|0.473388671875
Explosion1-19|0.124755859375|0.535888671875|0.062744140625|0.597900390625|0.124755859375|0.597900390625|0.062744140625|0.535888671875
Explosion1-20|0.562255859375|0.125244140625|0.500244140625|0.187255859375|0.562255859375|0.187255859375|0.500244140625|0.125244140625
Explosion1-21|0.624755859375|0.062744140625|0.562744140625|0.124755859375|0.624755859375|0.124755859375|0.562744140625|0.062744140625
Explosion1-22|0.687255859375|0.000244140625|0.625244140625|0.062255859375|0.687255859375|0.062255859375|0.625244140625|0.000244140625
Explosion1-23|0.499755859375|0.20556640625|0.437744140625|0.267578125|0.499755859375|0.267578125|0.437744140625|0.20556640625
Explosion1-24|0.437255859375|0.26806640625|0.375244140625|0.330078125|0.437255859375|0.330078125|0.375244140625|0.26806640625
Fireball-0|0.062255859375|0.000244140625|0.000244140625|0.205078125|0.062255859375|0.205078125|0.000244140625|0.000244140625
Fireball-1|0.124755859375|0.000244140625|0.062744140625|0.205078125|0.124755859375|0.205078125|0.062744140625|0.000244140625
Fireball-2|0.124755859375|0.20556640625|0.062744140625|0.410400390625|0.124755859375|0.410400390625|0.062744140625|0.20556640625
Fireball-3|0.374755859375|0.000244140625|0.312744140625|0.205078125|0.374755859375|0.205078125|0.312744140625|0.000244140625
Fireball-4|0.187255859375|0.20556640625|0.125244140625|0.410400390625|0.187255859375|0.410400390625|0.125244140625|0.20556640625
Fireball-5|0.437255859375|0.000244140625|0.375244140625|0.205078125|0.437255859375|0.205078125|0.375244140625|0.000244140625
Fireball-6|0.249755859375|0.20556640625|0.187744140625|0.410400390625|0.249755859375|0.410400390625|0.187744140625|0.20556640625
Fireball-7|0.062255859375|0.410888671875|0.000244140625|0.61572265625|0.062255859375|0.61572265625|0.000244140625|0.410888671875
Fireball-8|0.499755859375|0.000244140625|0.437744140625|0.205078125|0.499755859375|0.205078125|0.437744140625|0.000244140625
Fireball-9|0.312255859375|0.20556640625|0.250244140625|0.410400390625|0.312255859375|0.410400390625|0.250244140625|0.20556640625
Fireball-10|0.187255859375|0.000244140625|0.125244140625|0.205078125|0.187255859375|0.205078125|0.125244140625|0.000244140625
Fireball-11|0.249755859375|0.000244140625|0.187744140625|0.205078125|0.249755859375|0.205078125|0.187744140625|0.000244140625
Fireball-12|0.062255859375|0.20556640625|0.000244140625|0.410400390625|0.062255859375|0.410400390625|0.000244140625|0.20556640625
Fireball-13|0.312255859375|0.000244140625|0.250244140625|0.205078125|0.312255859375|0.205078125|0.250244140625|0.000244140625