Bomb-0|0.686767578125|0.6572265625|0.562255859375|0.78173828125|0.686767578125|0.78173828125|0.562255859375|0.6572265625
Bomb-1|0.810302734375|0.5322265625|0.685791015625|0.65673828125|0.810302734375|0.65673828125|0.685791015625|0.5322265625
Bomb-2|0.933837890625|0.4072265625|0.809326171875|0.53173828125|0.933837890625|0.53173828125|0.809326171875|0.4072265625
Calibri-AMPERSAND|0.14599609375|0.95556640625|0.125244140625|0.993408203125|0.14599609375|0.993408203125|0.125244140625|0.95556640625
Calibri-APOSTROPHE|0.15283203125|0.95556640625|0.146484375|0.993408203125|0.15283203125|0.993408203125|0.146484375|0.95556640625
Calibri-ASTERISK|0.16845703125|0.95556640625|0.1533203125|0.993408203125|0.16845703125|0.993408203125|0.1533203125|0.95556640625
Calibri-COLON|0.1767578125|0.95556640625|0.1689453125|0.993408203125|0.1767578125|0.993408203125|0.1689453125|0.95556640625
Calibri-COMMA|0.1845703125|0.95556640625|0.17724609375|0.993408203125|0.1845703125|0.993408203125|0.17724609375|0.95556640625
Calibri-COMMERCIAL AT|0.21240234375|0.95556640625|0.18505859375|0.993408203125|0.21240234375|0.993408203125|0.18505859375|0.95556640625
Calibri-DIGIT EIGHT|0.265625|0.89306640625|0.250244140625|0.930908203125|0.265625|0.930908203125|0.250244140625|0.89306640625
Calibri-DIGIT FIVE|0.328125|0.83056640625|0.312744140625|0.868408203125|0.328125|0.868408203125|0.312744140625|0.83056640625
Calibri-DIGIT FOUR|0.390625|0.76806640625|0.375244140625|0.805908203125|0.390625|0.805908203125|0.375244140625|0.76806640625
Calibri-DIGIT NINE|0.453125|0.70556640625|0.437744140625|0.743408203125|0.453125|0.743408203125|0.437744140625|0.70556640625
Calibri-DIGIT ONE|0.890625|0.26806640625|0.875244140625|0.305908203125|0.890625|0.305908203125|0.875244140625|0.26806640625
Calibri-DIGIT SEVEN|0.515625|0.64306640625|0.500244140625|0.680908203125|0.515625|0.680908203125|0.500244140625|0.64306640625
Calibri-DIGIT SIX|0.578125|0.58056640625|0.562744140625|0.618408203125|0.578125|0.618408203125|0.562744140625|0.58056640625
Calibri-DIGIT THREE|0.640625|0.51806640625|0.625244140625|0.555908203125|0.640625|0.555908203125|0.625244140625|0.51806640625
Calibri-DIGIT TWO|0.703125|0.45556640625|0.687744140625|0.493408203125|0.703125|0.493408203125|0.687744140625|0.45556640625
Calibri-DIGIT ZERO|0.765625|0.39306640625|0.750244140625|0.430908203125|0.765625|0.430908203125|0.750244140625|0.39306640625
Calibri-DOLLAR SIGN|0.828125|0.33056640625|0.812744140625|0.368408203125|0.828125|0.368408203125|0.812744140625|0.33056640625
Calibri-EQUALS SIGN|0.28125|0.89306640625|0.26611328125|0.930908203125|0.28125|0.930908203125|0.26611328125|0.89306640625
Calibri-EXCLAMATION MARK|0.33837890625|0.83056640625|0.32861328125|0.868408203125|0.33837890625|0.868408203125|0.32861328125|0.83056640625
Calibri-FULL STOP|0.3984375|0.76806640625|0.39111328125|0.805908203125|0.3984375|0.805908203125|0.39111328125|0.76806640625
Calibri-GREATER-THAN SIGN|0.46875|0.70556640625|0.45361328125|0.743408203125|0.46875|0.743408203125|0.45361328125|0.70556640625
Calibri-HYPHEN-MINUS|0.900146484375|0.26806640625|0.89111328125|0.305908203125|0.900146484375|0.305908203125|0.89111328125|0.26806640625
Calibri-LATIN CAPITAL LETTER A|0.53369140625|0.64306640625|0.51611328125|0.680908203125|0.53369140625|0.680908203125|0.51611328125|0.64306640625
Calibri-LATIN CAPITAL LETTER B|0.59521484375|0.58056640625|0.57861328125|0.618408203125|0.59521484375|0.618408203125|0.57861328125|0.58056640625
Calibri-LATIN CAPITAL LETTER C|0.6572265625|0.51806640625|0.64111328125|0.555908203125|0.6572265625|0.555908203125|0.64111328125|0.51806640625
Calibri-LATIN CAPITAL LETTER D|0.722412109375|0.45556640625|0.70361328125|0.493408203125|0.722412109375|0.493408203125|0.70361328125|0.45556640625
Calibri-LATIN CAPITAL LETTER E|0.781005859375|0.39306640625|0.76611328125|0.430908203125|0.781005859375|0.430908203125|0.76611328125|0.39306640625
Calibri-LATIN CAPITAL LETTER F|0.842529296875|0.33056640625|0.82861328125|0.368408203125|0.842529296875|0.368408203125|0.82861328125|0.33056640625
Calibri-LATIN CAPITAL LETTER G|0.418212890625|0.76806640625|0.39892578125|0.805908203125|0.418212890625|0.805908203125|0.39892578125|0.76806640625
Calibri-LATIN CAPITAL LETTER H|0.23193359375|0.95556640625|0.212890625|0.993408203125|0.23193359375|0.993408203125|0.212890625|0.95556640625
Calibri-LATIN CAPITAL LETTER I|0.907958984375|0.26806640625|0.900634765625|0.305908203125|0.907958984375|0.305908203125|0.900634765625|0.26806640625
Calibri-LATIN CAPITAL LETTER J|0.348388671875|0.83056640625|0.3388671875|0.868408203125|0.348388671875|0.868408203125|0.3388671875|0.83056640625
Calibri-LATIN CAPITAL LETTER K|0.85888671875|0.33056640625|0.843017578125|0.368408203125|0.85888671875|0.368408203125|0.843017578125|0.33056640625
Calibri-LATIN CAPITAL LETTER L|0.794189453125|0.39306640625|0.781494140625|0.430908203125|0.794189453125|0.430908203125|0.781494140625|0.39306640625
Calibri-LATIN CAPITAL LETTER M|0.307861328125|0.89306640625|0.28173828125|0.930908203125|0.307861328125|0.930908203125|0.28173828125|0.89306640625
Calibri-LATIN CAPITAL LETTER N|0.489013671875|0.70556640625|0.46923828125|0.743408203125|0.489013671875|0.743408203125|0.46923828125|0.70556640625
Calibri-LATIN CAPITAL LETTER O|0.677978515625|0.51806640625|0.65771484375|0.555908203125|0.677978515625|0.555908203125|0.65771484375|0.51806640625
Calibri-LATIN CAPITAL LETTER P|0.611328125|0.58056640625|0.595703125|0.618408203125|0.611328125|0.618408203125|0.595703125|0.58056640625
Calibri-LATIN CAPITAL LETTER Q|0.928955078125|0.26806640625|0.908447265625|0.305908203125|0.928955078125|0.305908203125|0.908447265625|0.26806640625
Calibri-LATIN CAPITAL LETTER R|0.55078125|0.64306640625|0.5341796875|0.680908203125|0.55078125|0.680908203125|0.5341796875|0.64306640625
Calibri-LATIN CAPITAL LETTER S|0.73681640625|0.45556640625|0.722900390625|0.493408203125|0.73681640625|0.493408203125|0.722900390625|0.45556640625
Calibri-LATIN CAPITAL LETTER T|0.363525390625|0.83056640625|0.348876953125|0.868408203125|0.363525390625|0.868408203125|0.348876953125|0.83056640625
Calibri-LATIN CAPITAL LETTER U|0.269775390625|0.931396484375|0.250244140625|0.96923828125|0.269775390625|0.96923828125|0.250244140625|0.931396484375
Calibri-LATIN CAPITAL LETTER V|0.330078125|0.868896484375|0.312744140625|0.90673828125|0.330078125|0.90673828125|0.312744140625|0.868896484375
Calibri-LATIN CAPITAL LETTER W|0.402587890625|0.806396484375|0.375244140625|0.84423828125|0.402587890625|0.84423828125|0.375244140625|0.806396484375
Calibri-LATIN CAPITAL LETTER X|0.453369140625|0.743896484375|0.437744140625|0.78173828125|0.453369140625|0.78173828125|0.437744140625|0.743896484375
Calibri-LATIN CAPITAL LETTER Y|0.889892578125|0.306396484375|0.875244140625|0.34423828125|0.889892578125|0.34423828125|0.875244140625|0.306396484375
Calibri-LATIN CAPITAL LETTER Z|0.514404296875|0.681396484375|0.500244140625|0.71923828125|0.514404296875|0.71923828125|0.500244140625|0.681396484375
Calibri-LATIN SMALL LETTER A|0.5771484375|0.618896484375|0.562744140625|0.65673828125|0.5771484375|0.65673828125|0.562744140625|0.618896484375
Calibri-LATIN SMALL LETTER B|0.64111328125|0.556396484375|0.625244140625|0.59423828125|0.64111328125|0.59423828125|0.625244140625|0.556396484375
Calibri-LATIN SMALL LETTER C|0.700439453125|0.493896484375|0.687744140625|0.53173828125|0.700439453125|0.53173828125|0.687744140625|0.493896484375
Calibri-LATIN SMALL LETTER D|0.76611328125|0.431396484375|0.750244140625|0.46923828125|0.76611328125|0.46923828125|0.750244140625|0.431396484375
Calibri-LATIN SMALL LETTER E|0.827880859375|0.368896484375|0.812744140625|0.40673828125|0.827880859375|0.40673828125|0.812744140625|0.368896484375
Calibri-LATIN SMALL LETTER F|0.427734375|0.76806640625|0.418701171875|0.805908203125|0.427734375|0.805908203125|0.418701171875|0.76806640625
Calibri-LATIN SMALL LETTER G|0.808837890625|0.39306640625|0.794677734375|0.430908203125|0.808837890625|0.430908203125|0.794677734375|0.39306640625
Calibri-LATIN SMALL LETTER H|0.248291015625|0.95556640625|0.232421875|0.993408203125|0.248291015625|0.993408203125|0.232421875|0.95556640625
Calibri-LATIN SMALL LETTER I|0.865966796875|0.33056640625|0.859375|0.368408203125|0.865966796875|0.368408203125|0.859375|0.33056640625
Calibri-LATIN SMALL LETTER J|0.618896484375|0.58056640625|0.61181640625|0.618408203125|0.618896484375|0.618408203125|0.61181640625|0.58056640625
Calibri-LATIN SMALL LETTER K|0.714599609375|0.493896484375|0.700927734375|0.53173828125|0.714599609375|0.53173828125|0.700927734375|0.493896484375
Calibri-LATIN SMALL LETTER L|0.743896484375|0.45556640625|0.7373046875|0.493408203125|0.743896484375|0.493408203125|0.7373046875|0.45556640625
Calibri-LATIN SMALL LETTER M|0.539306640625|0.681396484375|0.514892578125|0.71923828125|0.539306640625|0.71923828125|0.514892578125|0.681396484375
Calibri-LATIN SMALL LETTER N|0.593505859375|0.618896484375|0.57763671875|0.65673828125|0.593505859375|0.65673828125|0.57763671875|0.618896484375
Calibri-LATIN SMALL LETTER O|0.906494140625|0.306396484375|0.890380859375|0.34423828125|0.906494140625|0.34423828125|0.890380859375|0.306396484375
Calibri-LATIN SMALL LETTER P|0.84423828125|0.368896484375|0.828369140625|0.40673828125|0.84423828125|0.40673828125|0.828369140625|0.368896484375
Calibri-LATIN SMALL LETTER Q|0.9453125|0.26806640625|0.929443359375|0.305908203125|0.9453125|0.305908203125|0.929443359375|0.26806640625
Calibri-LATIN SMALL LETTER R|0.561767578125|0.64306640625|0.55126953125|0.680908203125|0.561767578125|0.680908203125|0.55126953125|0.64306640625
Calibri-LATIN SMALL LETTER S|0.465576171875|0.743896484375|0.453857421875|0.78173828125|0.465576171875|0.78173828125|0.453857421875|0.743896484375
Calibri-LATIN SMALL LETTER T|0.3740234375|0.83056640625|0.364013671875|0.868408203125|0.3740234375|0.868408203125|0.364013671875|0.83056640625
Calibri-LATIN SMALL LETTER U|0.657470703125|0.556396484375|0.6416015625|0.59423828125|0.657470703125|0.59423828125|0.6416015625|0.556396484375
Calibri-LATIN SMALL LETTER V|0.7802734375|0.431396484375|0.7666015625|0.46923828125|0.7802734375|0.46923828125|0.7666015625|0.431396484375
Calibri-LATIN SMALL LETTER W|0.3525390625|0.868896484375|0.33056640625|0.90673828125|0.3525390625|0.90673828125|0.33056640625|0.868896484375
Calibri-LATIN SMALL LETTER X|0.283203125|0.931396484375|0.270263671875|0.96923828125|0.283203125|0.96923828125|0.270263671875|0.931396484375
Calibri-LATIN SMALL LETTER Y|0.728759765625|0.493896484375|0.715087890625|0.53173828125|0.728759765625|0.53173828125|0.715087890625|0.493896484375
Calibri-LATIN SMALL LETTER Z|0.4150390625|0.806396484375|0.403076171875|0.84423828125|0.4150390625|0.84423828125|0.403076171875|0.806396484375
Calibri-LEFT CURLY BRACKET|0.498779296875|0.70556640625|0.489501953125|0.743408203125|0.498779296875|0.743408203125|0.489501953125|0.70556640625
Calibri-LEFT PARENTHESIS|0.437255859375|0.76806640625|0.42822265625|0.805908203125|0.437255859375|0.805908203125|0.42822265625|0.76806640625
Calibri-LEFT SQUARE BRACKET|0.47509765625|0.743896484375|0.466064453125|0.78173828125|0.47509765625|0.78173828125|0.466064453125|0.743896484375
Calibri-LESS-THAN SIGN|0.7958984375|0.431396484375|0.78076171875|0.46923828125|0.7958984375|0.46923828125|0.78076171875|0.431396484375
Calibri-LINE FEED (LF)|0.67822265625|0.51806640625|0.678466796875|0.555908203125|0.67822265625|0.555908203125|0.678466796875|0.51806640625
Calibri-LOW LINE|0.609130859375|0.618896484375|0.593994140625|0.65673828125|0.609130859375|0.65673828125|0.593994140625|0.618896484375
Calibri-NUMBER SIGN|0.922119140625|0.306396484375|0.906982421875|0.34423828125|0.922119140625|0.34423828125|0.906982421875|0.306396484375
Calibri-PERCENT SIGN|0.86669921875|0.368896484375|0.8447265625|0.40673828125|0.86669921875|0.40673828125|0.8447265625|0.368896484375
Calibri-PLUS SIGN|0.9609375|0.26806640625|0.94580078125|0.305908203125|0.9609375|0.305908203125|0.94580078125|0.26806640625
Calibri-QUESTION MARK|0.671875|0.556396484375|0.657958984375|0.59423828125|0.671875|0.59423828125|0.657958984375|0.556396484375
Calibri-QUOTATION MARK|0.295654296875|0.931396484375|0.28369140625|0.96923828125|0.295654296875|0.96923828125|0.28369140625|0.931396484375
Calibri-RIGHT CURLY BRACKET|0.48486328125|0.743896484375|0.4755859375|0.78173828125|0.48486328125|0.78173828125|0.4755859375|0.743896484375
Calibri-RIGHT PARENTHESIS|0.3173828125|0.9072265625|0.308349609375|0.945068359375|0.3173828125|0.945068359375|0.308349609375|0.9072265625
Calibri-RIGHT SQUARE BRACKET|0.383544921875|0.8447265625|0.37451171875|0.882568359375|0.383544921875|0.882568359375|0.37451171875|0.8447265625
Calibri-SOLIDUS|0.44921875|0.7822265625|0.437744140625|0.820068359375|0.44921875|0.820068359375|0.437744140625|0.7822265625
Calibri-SPACE|0.685302734375|0.51806640625|0.6787109375|0.555908203125|0.685302734375|0.555908203125|0.6787109375|0.51806640625
Calibri-TILDE|0.88232421875|0.3447265625|0.8671875|0.382568359375|0.88232421875|0.382568359375|0.8671875|0.3447265625
Calibri-VERTICAL LINE|0.51318359375|0.7197265625|0.499267578125|0.757568359375|0.51318359375|0.757568359375|0.499267578125|0.7197265625
Explosion1-0|0.062255859375|0.875244140625|0.000244140625|0.937255859375|0.062255859375|0.937255859375|0.000244140625|0.875244140625
Explosion1-1|0.124755859375|0.812744140625|0.062744140625|0.874755859375|0.124755859375|0.874755859375|0.062744140625|0.812744140625
Explosion1-2|0.249755859375|0.89306640625|0.187744140625|0.955078125|0.249755859375|0.955078125|0.187744140625|0.89306640625
Explosion1-3|0.562255859375|0.58056640625|0.500244140625|0.642578125|0.562255859375|0.642578125|0.500244140625|0.58056640625
Explosion1-4|0.624755859375|0.51806640625|0.562744140625|0.580078125|0.624755859375|0.580078125|0.562744140625|0.51806640625
Explosion1-5|0.687255859375|0.45556640625|0.625244140625|0.517578125|0.687255859375|0.517578125|0.625244140625|0.45556640625
Explosion1-6|0.749755859375|0.39306640625|0.687744140625|0.455078125|0.749755859375|0.455078125|0.687744140625|0.39306640625
Explosion1-7|0.812255859375|0.33056640625|0.750244140625|0.392578125|0.812255859375|0.392578125|0.750244140625|0.33056640625
Explosion1-8|0.874755859375|0.26806640625|0.812744140625|0.330078125|0.874755859375|0.330078125|0.812744140625|0.26806640625
Explosion1-9|0.999755859375|0.20556640625|0.937744140625|0.267578125|0.999755859375|0.267578125|0.937744140625|0.20556640625
Explosion1-10|0.062255859375|0.937744140625|0.000244140625|0.999755859375|0.062255859375|0.999755859375|0.000244140625|0.937744140625
Explosion1-11|0.124755859375|0.875244140625|0.062744140625|0.937255859375|0.124755859375|0.937255859375|0.062744140625|0.875244140625
Explosion1-12|0.124755859375|0.937744140625|0.062744140625|0.999755859375|0.124755859375|0.999755859375|0.062744140625|0.937744140625
Explosion1-13|0.499755859375|0.58056640625|0.437744140625|0.642578125|0.499755859375|0.642578125|0.437744140625|0.58056640625
Explosion1-14|0.562255859375|0.51806640625|0.500244140625|0.580078125|0.562255859375|0.580078125|0.500244140625|0.51806640625
Explosion1-15|0.624755859375|0.45556640625|0.562744140625|0.517578125|0.624755859375|0.517578125|0.562744140625|0.45556640625
Explosion1-16|0.687255859375|0.39306640625|0.625244140625|0.455078125|0.687255859375|0.455078125|0.625244140625|0.39306640625
Explosion1-17|0.749755859375|0.33056640625|0.687744140625|0.392578125|0.749755859375|0.392578125|0.687744140625|0.33056640625
Explosion1-18|0.812255859375|0.26806640625|0.750244140625|0.330078125|0.812255859375|0.330078125|0.750244140625|0.26806640625
Explosion1-19|0.874755859375|0.20556640625|0.812744140625|0.267578125|0.874755859375|0.267578125|0.812744140625|0.20556640625
Explosion1-20|0.312255859375|0.83056640625|0.250244140625|0.892578125|0.312255859375|0.892578125|0.250244140625|0.83056640625
Explosion1-21|0.374755859375|0.76806640625|0.312744140625|0.830078125|0.374755859375|0.830078125|0.312744140625|0.76806640625
Explosion1-22|0.437255859375|0.70556640625|0.375244140625|0.767578125|0.437255859375|0.767578125|0.375244140625|0.70556640625
Explosion1-23|0.937255859375|0.20556640625|0.875244140625|0.267578125|0.937255859375|0.267578125|0.875244140625|0.20556640625
Explosion1-24|0.499755859375|0.64306640625|0.437744140625|0.705078125|0.499755859375|0.705078125|0.437744140625|0.64306640625
Explosion2-0|0.062255859375|0.000244140625|0.000244140625|0.062255859375|0.062255859375|0.062255859375|0.000244140625|0.000244140625
Explosion2-1|0.062255859375|0.062744140625|0.000244140625|0.124755859375|0.062255859375|0.124755859375|0.000244140625|0.062744140625
Explosion2-2|0.187255859375|0.125244140625|0.125244140625|0.187255859375|0.187255859375|0.187255859375|0.125244140625|0.125244140625
Explosion2-3|0.187255859375|0.250244140625|0.125244140625|0.312255859375|0.187255859375|0.312255859375|0.125244140625|0.250244140625
Explosion2-4|0.437255859375|0.062744140625|0.375244140625|0.124755859375|0.437255859375|0.124755859375|0.375244140625|0.062744140625
Explosion2-5|0.062255859375|0.562744140625|0.000244140625|0.624755859375|0.062255859375|0.624755859375|0.000244140625|0.562744140625
Explosion2-6|0.124755859375|0.562744140625|0.062744140625|0.624755859375|0.124755859375|0.624755859375|0.062744140625|0.562744140625
Explosion2-7|0.124755859375|0.625244140625|0.062744140625|0.687255859375|0.124755859375|0.687255859375|0.062744140625|0.625244140625
Explosion2-8|0.062255859375|0.750244140625|0.000244140625|0.812255859375|0.062255859375|0.812255859375|0.000244140625|0.750244140625
Explosion2-9|0.749755859375|0.062744140625|0.687744140625|0.124755859375|0.749755859375|0.124755859375|0.687744140625|0.062744140625
Explosion2-10|0.124755859375|0.000244140625|0.062744140625|0.062255859375|0.124755859375|0.062255859375|0.062744140625|0.000244140625
Explosion2-11|0.062255859375|0.125244140625|0.000244140625|0.187255859375|0.062255859375|0.187255859375|0.000244140625|0.125244140625
Explosion2-12|0.124755859375|0.062744140625|0.062744140625|0.124755859375|0.124755859375|0.124755859375|0.062744140625|0.062744140625
Explosion2-13|0.187255859375|0.000244140625|0.125244140625|0.062255859375|0.187255859375|0.062255859375|0.125244140625|0.000244140625
Explosion2-14|0.062255859375|0.187744140625|0.000244140625|0.249755859375|0.062255859375|0.249755859375|0.000244140625|0.187744140625
Explosion2-15|0.124755859375|0.125244140625|0.062744140625|0.187255859375|0.124755859375|0.187255859375|0.062744140625|0.125244140625
Explosion2-16|0.187255859375|0.062744140625|0.125244140625|0.124755859375|0.187255859375|0.124755859375|0.125244140625|0.062744140625
Explosion2-17|0.249755859375|0.000244140625|0.187744140625|0.062255859375|0.249755859375|0.062255859375|0.187744140625|0.000244140625
Explosion2-18|0.062255859375|0.250244140625|0.000244140625|0.312255859375|0.062255859375|0.312255859375|0.000244140625|0.250244140625
Explosion2-19|0.124755859375|0.187744140625|0.062744140625|0.249755859375|0.124755859375|0.249755859375|0.062744140625|0.187744140625
Explosion2-20|0.249755859375|0.062744140625|0.187744140625|0.124755859375|0.249755859375|0.124755859375|0.187744140625|0.062744140625
Explosion2-21|0.312255859375|0.000244140625|0.250244140625|0.062255859375|0.312255859375|0.062255859375|0.250244140625|0.000244140625
Explosion2-22|0.062255859375|0.312744140625|0.000244140625|0.374755859375|0.062255859375|0.374755859375|0.000244140625|0.312744140625
Explosion2-23|0.124755859375|0.250244140625|0.062744140625|0.312255859375|0.124755859375|0.312255859375|0.062744140625|0.250244140625
Explosion2-24|0.187255859375|0.187744140625|0.125244140625|0.249755859375|0.187255859375|0.249755859375|0.125244140625|0.187744140625
Explosion2-25|0.249755859375|0.125244140625|0.187744140625|0.187255859375|0.249755859375|0.187255859375|0.187744140625|0.125244140625
Explosion2-26|0.312255859375|0.062744140625|0.250244140625|0.124755859375|0.312255859375|0.124755859375|0.250244140625|0.062744140625
Explosion2-27|0.374755859375|0.000244140625|0.312744140625|0.062255859375|0.374755859375|0.062255859375|0.312744140625|0.000244140625
Explosion2-28|0.062255859375|0.375244140625|0.000244140625|0.437255859375|0.062255859375|0.437255859375|0.000244140625|0.375244140625
Explosion2-29|0.124755859375|0.312744140625|0.062744140625|0.374755859375|0.124755859375|0.374755859375|0.062744140625|0.312744140625
Explosion2-30|0.249755859375|0.187744140625|0.187744140625|0.249755859375|0.249755859375|0.249755859375|0.187744140625|0.187744140625
Explosion2-31|0.312255859375|0.125244140625|0.250244140625|0.187255859375|0.312255859375|0.187255859375|0.250244140625|0.125244140625
Explosion2-32|0.374755859375|0.062744140625|0.312744140625|0.124755859375|0.374755859375|0.124755859375|0.312744140625|0.062744140625
Explosion2-33|0.437255859375|0.000244140625|0.375244140625|0.062255859375|0.437255859375|0.062255859375|0.375244140625|0.000244140625
Explosion2-34|0.062255859375|0.437744140625|0.000244140625|0.499755859375|0.062255859375|0.499755859375|0.000244140625|0.437744140625
Explosion2-35|0.124755859375|0.375244140625|0.062744140625|0.437255859375|0.124755859375|0.437255859375|0.062744140625|0.375244140625
Explosion2-36|0.187255859375|0.312744140625|0.125244140625|0.374755859375|0.187255859375|0.374755859375|0.125244140625|0.312744140625
Explosion2-37|0.249755859375|0.250244140625|0.187744140625|0.312255859375|0.249755859375|0.312255859375|0.187744140625|0.250244140625
Explosion2-38|0.312255859375|0.187744140625|0.250244140625|0.249755859375|0.312255859375|0.249755859375|0.250244140625|0.187744140625
Explosion2-39|0.374755859375|0.125244140625|0.312744140625|0.187255859375|0.374755859375|0.187255859375|0.312744140625|0.125244140625
Explosion2-40|0.499755859375|0.000244140625|0.437744140625|0.062255859375|0.499755859375|0.062255859375|0.437744140625|0.000244140625
Explosion2-41|0.062255859375|0.500244140625|0.000244140625|0.562255859375|0.062255859375|0.562255859375|0.000244140625|0.500244140625
Explosion2-42|0.124755859375|0.437744140625|0.062744140625|0.499755859375|0.124755859375|0.499755859375|0.062744140625|0.437744140625
Explosion2-43|0.187255859375|0.375244140625|0.125244140625|0.437255859375|0.187255859375|0.437255859375|0.125244140625|0.375244140625
Explosion2-44|0.249755859375|0.312744140625|0.187744140625|0.374755859375|0.249755859375|0.374755859375|0.187744140625|0.312744140625
Explosion2-45|0.312255859375|0.250244140625|0.250244140625|0.312255859375|0.312255859375|0.312255859375|0.250244140625|0.250244140625
Explosion2-46|0.374755859375|0.187744140625|0.312744140625|0.249755859375|0.374755859375|0.249755859375|0.312744140625|0.187744140625
Explosion2-47|0.437255859375|0.125244140625|0.375244140625|0.187255859375|0.437255859375|0.187255859375|0.375244140625|0.125244140625
Explosion2-48|0.499755859375|0.062744140625|0.437744140625|0.124755859375|0.499755859375|0.124755859375|0.437744140625|0.062744140625
Explosion2-49|0.562255859375|0.000244140625|0.500244140625|0.062255859375|0.562255859375|0.062255859375|0.500244140625|0.000244140625
Explosion2-50|0.124755859375|0.500244140625|0.062744140625|0.562255859375|0.124755859375|0.562255859375|0.062744140625|0.500244140625
Explosion2-51|0.187255859375|0.437744140625|0.125244140625|0.499755859375|0.187255859375|0.499755859375|0.125244140625|0.437744140625
Explosion2-52|0.249755859375|0.375244140625|0.187744140625|0.437255859375|0.249755859375|0.437255859375|0.187744140625|0.375244140625
Explosion2-53|0.312255859375|0.312744140625|0.250244140625|0.374755859375|0.312255859375|0.374755859375|0.250244140625|0.312744140625
Explosion2-54|0.374755859375|0.250244140625|0.312744140625|0.312255859375|0.374755859375|0.312255859375|0.312744140625|0.250244140625
Explosion2-55|0.437255859375|0.187744140625|0.375244140625|0.249755859375|0.437255859375|0.249755859375|0.375244140625|0.187744140625
Explosion2-56|0.499755859375|0.125244140625|0.437744140625|0.187255859375|0.499755859375|0.187255859375|0.437744140625|0.125244140625
Explosion2-57|0.562255859375|0.062744140625|0.500244140625|0.124755859375|0.562255859375|0.124755859375|0.500244140625|0.062744140625
Explosion2-58|0.624755859375|0.000244140625|0.562744140625|0.062255859375|0.624755859375|0.062255859375|0.562744140625|0.000244140625
Explosion2-59|0.062255859375|0.625244140625|0.000244140625|0.687255859375|0.062255859375|0.687255859375|0.000244140625|0.625244140625
Explosion2-60|0.187255859375|0.500244140625|0.125244140625|0.562255859375|0.187255859375|0.562255859375|0.125244140625|0.500244140625
Explosion2-61|0.249755859375|0.437744140625|0.187744140625|0.499755859375|0.249755859375|0.499755859375|0.187744140625|0.437744140625
Explosion2-62|0.312255859375|0.375244140625|0.250244140625|0.437255859375|0.312255859375|0.437255859375|0.250244140625|0.375244140625
Explosion2-63|0.374755859375|0.312744140625|0.312744140625|0.374755859375|0.374755859375|0.374755859375|0.312744140625|0.312744140625
Explosion2-64|0.437255859375|0.250244140625|0.375244140625|0.312255859375|0.437255859375|0.312255859375|0.375244140625|0.250244140625
Explosion2-65|0.499755859375|0.187744140625|0.437744140625|0.249755859375|0.499755859375|0.249755859375|0.437744140625|0.187744140625
Explosion2-66|0.562255859375|0.125244140625|0.500244140625|0.187255859375|0.562255859375|0.187255859375|0.500244140625|0.125244140625
Explosion2-67|0.624755859375|0.062744140625|0.562744140625|0.124755859375|0.624755859375|0.124755859375|0.562744140625|0.062744140625
Explosion2-68|0.687255859375|0.000244140625|0.625244140625|0.062255859375|0.687255859375|0.062255859375|0.625244140625|0.000244140625
Explosion2-69|0.062255859375|0.687744140625|0.000244140625|0.749755859375|0.062255859375|0.749755859375|0.000244140625|0.687744140625
Explosion2-70|0.187255859375|0.562744140625|0.125244140625|0.624755859375|0.187255859375|0.624755859375|0.125244140625|0.562744140625
Explosion2-71|0.249755859375|0.500244140625|0.187744140625|0.562255859375|0.249755859375|0.562255859375|0.187744140625|0.500244140625
Explosion2-72|0.312255859375|0.437744140625|0.250244140625|0.499755859375|0.312255859375|0.499755859375|0.250244140625|0.437744140625
Explosion2-73|0.374755859375|0.375244140625|0.312744140625|0.437255859375|0.374755859375|0.437255859375|0.312744140625|0.375244140625
Explosion2-74|0.437255859375|0.312744140625|0.375244140625|0.374755859375|0.437255859375|0.374755859375|0.375244140625|0.312744140625
Explosion2-75|0.499755859375|0.250244140625|0.437744140625|0.312255859375|0.499755859375|0.312255859375|0.437744140625|0.250244140625
Explosion2-76|0.562255859375|0.187744140625|0.500244140625|0.249755859375|0.562255859375|0.249755859375|0.500244140625|0.187744140625
Explosion2-77|0.624755859375|0.125244140625|0.562744140625|0.187255859375|0.624755859375|0.187255859375|0.562744140625|0.125244140625
Explosion2-78|0.687255859375|0.062744140625|0.625244140625|0.124755859375|0.687255859375|0.124755859375|0.625244140625|0.062744140625
Explosion2-79|0.749755859375|0.000244140625|0.687744140625|0.062255859375|0.749755859375|0.062255859375|0.687744140625|0.000244140625
Explosion2-80|0.124755859375|0.687744140625|0.062744140625|0.749755859375|0.124755859375|0.749755859375|0.062744140625|0.687744140625
Explosion2-81|0.187255859375|0.625244140625|0.125244140625|0.687255859375|0.187255859375|0.687255859375|0.125244140625|0.625244140625
Explosion2-82|0.249755859375|0.562744140625|0.187744140625|0.624755859375|0.249755859375|0.624755859375|0.187744140625|0.562744140625
Explosion2-83|0.312255859375|0.500244140625|0.250244140625|0.562255859375|0.312255859375|0.562255859375|0.250244140625|0.500244140625
Explosion2-84|0.374755859375|0.437744140625|0.312744140625|0.499755859375|0.374755859375|0.499755859375|0.312744140625|0.437744140625
Explosion2-85|0.437255859375|0.375244140625|0.375244140625|0.437255859375|0.437255859375|0.437255859375|0.375244140625|0.375244140625
Explosion2-86|0.499755859375|0.312744140625|0.437744140625|0.374755859375|0.499755859375|0.374755859375|0.437744140625|0.312744140625
Explosion2-87|0.562255859375|0.250244140625|0.500244140625|0.312255859375|0.562255859375|0.312255859375|0.500244140625|0.250244140625
Explosion2-88|0.624755859375|0.187744140625|0.562744140625|0.249755859375|0.624755859375|0.249755859375|0.562744140625|0.187744140625
Explosion2-89|0.687255859375|0.125244140625|0.625244140625|0.187255859375|0.687255859375|0.187255859375|0.625244140625|0.125244140625
Explosion2-90|0.812255859375|0.000244140625|0.750244140625|0.062255859375|0.812255859375|0.062255859375|0.750244140625|0.000244140625
Explosion2-91|0.062255859375|0.812744140625|0.000244140625|0.874755859375|0.062255859375|0.874755859375|0.000244140625|0.812744140625
Explosion2-92|0.124755859375|0.750244140625|0.062744140625|0.812255859375|0.124755859375|0.812255859375|0.062744140625|0.750244140625
Explosion2-93|0.187255859375|0.687744140625|0.125244140625|0.749755859375|0.187255859375|0.749755859375|0.125244140625|0.687744140625
Explosion2-94|0.249755859375|0.625244140625|0.187744140625|0.687255859375|0.249755859375|0.687255859375|0.187744140625|0.625244140625
Explosion2-95|0.312255859375|0.562744140625|0.250244140625|0.624755859375|0.312255859375|0.624755859375|0.250244140625|0.562744140625
Explosion2-96|0.374755859375|0.500244140625|0.312744140625|0.562255859375|0.374755859375|0.562255859375|0.312744140625|0.500244140625
Explosion2-97|0.437255859375|0.437744140625|0.375244140625|0.499755859375|0.437255859375|0.499755859375|0.375244140625|0.437744140625
Fireball-0|0.499755859375|0.375244140625|0.437744140625|0.580078125|0.499755859375|0.580078125|0.437744140625|0.375244140625
Fireball-1|0.562255859375|0.312744140625|0.500244140625|0.517578125|0.562255859375|0.517578125|0.500244140625|0.312744140625
Fireball-2|0.874755859375|0.000244140625|0.812744140625|0.205078125|0.874755859375|0.205078125|0.812744140625|0.000244140625
Fireball-3|0.187255859375|0.750244140625|0.125244140625|0.955078125|0.187255859375|0.955078125|0.125244140625|0.750244140625
Fireball-4|0.249755859375|0.687744140625|0.187744140625|0.892578125|0.249755859375|0.892578125|0.187744140625|0.687744140625
Fireball-5|0.312255859375|0.625244140625|0.250244140625|0.830078125|0.312255859375|0.830078125|0.250244140625|0.625244140625
Fireball-6|0.374755859375|0.562744140625|0.312744140625|0.767578125|0.374755859375|0.767578125|0.312744140625|0.562744140625
Fireball-7|0.437255859375|0.500244140625|0.375244140625|0.705078125|0.437255859375|0.705078125|0.375244140625|0.500244140625
Fireball-8|0.937255859375|0.000244140625|0.875244140625|0.205078125|0.937255859375|0.205078125|0.875244140625|0.000244140625
Fireball-9|0.999755859375|0.000244140625|0.937744140625|0.205078125|0.999755859375|0.205078125|0.937744140625|0.000244140625
Fireball-10|0.624755859375|0.250244140625|0.562744140625|0.455078125|0.624755859375|0.455078125|0.562744140625|0.250244140625
Fireball-11|0.687255859375|0.187744140625|0.625244140625|0.392578125|0.687255859375|0.392578125|0.625244140625|0.187744140625
Fireball-12|0.749755859375|0.125244140625|0.687744140625|0.330078125|0.749755859375|0.330078125|0.687744140625|0.125244140625
Fireball-13|0.812255859375|0.062744140625|0.750244140625|0.267578125|0.812255859375|0.267578125|0.750244140625|0.062744140625